<?xml version="1.0"?>
<opencv_storage>
<img_shape type_id="opencv-matrix">
  <rows>2</rows>
  <cols>1</cols>
  <dt>d</dt>
  <data>
    360. 360.</data></img_shape>
<rms>2.4850985786933821e-01</rms>
<cam_int type_id="opencv-matrix">
  <rows>3</rows>
  <cols>3</cols>
  <dt>d</dt>
  <data>
    6.7920135992555527e+02 0. 1.8042103546219047e+02 0.
    4.7760244209418642e+02 1.6157014895044932e+02 0. 0. 1.</data></cam_int>
<cam_dist type_id="opencv-matrix">
  <rows>1</rows>
  <cols>5</cols>
  <dt>d</dt>
  <data>
    1.8745668361432391e-01 -5.1587850331469181e+00
    -7.1099994469675043e-04 3.7276195230306409e-04
    3.7933159123191899e+01</data></cam_dist>
<proj_int type_id="opencv-matrix">
  <rows>3</rows>
  <cols>3</cols>
  <dt>d</dt>
  <data>
    6.9664686599219488e+02 0. 1.8432587257685856e+02 0.
    4.9129962269718447e+02 1.8730107021876358e+02 0. 0. 1.</data></proj_int>
<proj_dist type_id="opencv-matrix">
  <rows>1</rows>
  <cols>5</cols>
  <dt>d</dt>
  <data>
    -1.4370035043376986e-01 3.3706398818959173e+00
    -3.2158656055998745e-03 9.9911422208670119e-04
    -2.2621915270334199e+01</data></proj_dist>
<rotation type_id="opencv-matrix">
  <rows>3</rows>
  <cols>3</cols>
  <dt>d</dt>
  <data>
    -9.9998012721063012e-01 -2.0457247518209314e-04
    -6.3010581582988948e-03 -4.0136940901997815e-04
    -9.9537991849672780e-01 9.6013836273970921e-02
    -6.2915885441889897e-03 9.6014457263215253e-02
    9.9536005541213080e-01</data></rotation>
<translation type_id="opencv-matrix">
  <rows>3</rows>
  <cols>1</cols>
  <dt>d</dt>
  <data>
    -3.0856875959867258e+00 -5.9529392567558324e+00
    4.4687732078155040e+00</data></translation>
</opencv_storage>
